live decisions 463 matches [0, 1]
obs shape (463, 96, 64, 12) dtype uint8 mean 11.84235508229654
p_play: mean 0.178 p50 0.164 p90 0.297 p99 0.461 max 0.619
gate would play @tau0.25: 89  @0.5: 3  of 463
chosen play 58  executed play 58  (chosen WAIT but executed play = override: 0)
executed card == PPO greedy card: 56/58
cell rewritten by env on PPO plays: 26/58
executed cards: [('the_log', 11), ('knight', 10), ('ice_wizard', 9), ('skeletons', 9), ('tesla', 7), ('knight_evo', 4), ('rocket', 3), ('tornado', 2), ('x_bow', 2), ('tesla_evo', 1)]
gate p at executed plays: [0.619 0.571 0.518 0.488 0.462 0.46  0.428 0.412 0.407 0.407 0.403 0.396
 0.385 0.384 0.368 0.361 0.352 0.341 0.337 0.337]
elixir at decision: mean 5.18  >=9.5 share 0.000  plays at >=9.5: 0
decision cadence: median 0.637s p90 1.032s
threat live: slots nonzero share [0.96, 0.96, 0.94, 0.94, 1.0, 1.0, 0.41, 0.64, 0.42, 0.89, 0.21, 0.0, 1.0, 0.0, 0.59, 0.01, 0.34, 0.04, 0.17, 0.1, 0.01, 0.1, 0.08, 0.34, 0.24, 0.34, 0.72, 0.82, 0.9, 0.72, 0.21, 0.98, 0.95, 0.26, 0.12, 0.09, 0.14, 0.14, 0.12, 0.12, 0.26, 0.19, 0.24, 0.15, 0.0, 0.0, 0.88, 0.76, 1.0, 1.0, 1.0, 1.0]
threat live: mean [0.2290000021457672, 0.16200000047683716, 0.03700000047683716, 0.40799999237060547, 0.4339999854564667, 0.9559999704360962, 0.16200000047683716, 0.22100000083446503, 0.20100000500679016, 0.24699999392032623, 0.08500000089406967, 0.0, 0.5, 0.0, 0.210999995470047, 0.008999999612569809, 0.3370000123977661, 0.039000000804662704, 0.1679999977350235, 0.09700000286102295, 0.006000000052154064, 0.10199999809265137, 0.07599999755620956, 0.0820000022649765, 0.052000001072883606, 0.11299999803304672, 0.7210000157356262, 0.8209999799728394, 0.9010000228881836, 0.718999981880188, 0.20499999821186066, 0.6230000257492065, 0.1770000010728836, 0.08699999749660492, 0.03700000047683716, 0.0560000017285347, 0.017999999225139618, 0.09200000017881393, 0.03200000151991844, 0.07100000232458115, 0.10700000077486038, 0.06499999761581421, 0.08399999886751175, 0.04800000041723251, 0.0, 0.0, 0.8519999980926514, 0.5989999771118164, 1.0, 1.0, 1.0, 1.0]
threat sim : nonzero share [0.63, 0.63, 0.63, 0.28, 0.26, 0.63, 0.0, 0.0, 0.0, 0.0, 0.0, 0.0, 0.0, 0.0, 0.0, 0.0, 0.41, 0.11, 0.11, 0.11, 0.01, 0.13, 0.13, 0.41, 0.25, 0.41, 0.78, 0.81, 0.81, 0.78, 0.69, 1.0, 0.94, 0.34, 0.16, 0.09, 0.14, 0.08, 0.12, 0.08, 0.21, 0.08, 0.49, 0.18, 0.08, 0.02, 0.79, 0.71, 1.0, 0.59, 1.0, 1.0]
threat sim : mean [0.5450000166893005, 0.23499999940395355, 0.2809999883174896, 0.28299999237060547, 0.25999999046325684, 0.20100000500679016, 0.0, 0.0, 0.0, 0.0, 0.0, 0.0, 0.0, 0.0, 0.0, 0.0, 0.40700000524520874, 0.10899999737739563, 0.1120000034570694, 0.1080000028014183, 0.009999999776482582, 0.12999999523162842, 0.12700000405311584, 0.11900000274181366, 0.05900000035762787, 0.15199999511241913, 0.7829999923706055, 0.8080000281333923, 0.8090000152587891, 0.7799999713897705, 0.6890000104904175, 0.33799999952316284, 0.27300000190734863, 0.1459999978542328, 0.07900000363588333, 0.03799999877810478, 0.07400000095367432, 0.03500000014901161, 0.07400000095367432, 0.03099999949336052, 0.04500000178813934, 0.02199999988079071, 0.14000000059604645, 0.05000000074505806, 0.03099999949336052, 0.006000000052154064, 0.5360000133514404, 0.4970000088214874, 0.8220000267028809, 0.44200000166893005, 0.8539999723434448, 0.9950000047683716]
sim p_play mean 0.137 p99 0.358; sim obs mean 12.0 live obs mean 11.8
hand live mean [0.8299999833106995, 0.28999999165534973, 0.0, 0.30000001192092896, 0.05000000074505806, 0.8899999856948853, 0.07000000029802322, 0.019999999552965164, 0.41999998688697815, 0.029999999329447746]
hand sim  mean [0.8899999856948853, 0.20000000298023224, 0.09000000357627869, 0.3400000035762787, 0.5600000023841858, 0.9599999785423279, 0.10999999940395355, 0.05000000074505806, 0.7099999785423279, 0.10000000149011612]
elixir_vec live mean 0.6234890818595886 sim 0.338242769241333
