icebow: i=0 625 replays, i=1 561 replays (rotated)
side  card                   n0 mean_x0  left0     y0  top0 |     n1 mean_x1  left1     y1  top1 |  dLeft     z
blue  skeletons            4720    8.96  0.493  21.28  1.00 |   4149    8.91  0.514  21.48  1.00 | +0.021   2.0
blue  knight               4712    8.89  0.512  21.87  1.00 |   4158    8.71  0.526  21.90  0.99 | +0.015   1.4
blue  ice-wizard           4571    8.97  0.502  23.44  1.00 |   4021    8.90  0.511  23.51  1.00 | +0.008   0.8
blue  the-log              4145    8.97  0.501  19.74  1.00 |   3604    8.82  0.519  19.81  0.99 | +0.018   1.6
blue  tesla                4028    8.88  0.280  19.85  1.00 |   3587    8.94  0.275  19.94  1.00 | -0.005  -0.5
blue  x-bow                2552    8.99  0.505  20.39  0.99 |   2261    8.98  0.498  20.29  0.99 | -0.007  -0.5
blue  tornado              2317    8.86  0.516  16.73  0.55 |   2032    8.80  0.519  16.76  0.57 | +0.003   0.2
blue  rocket               1759    9.27  0.478  11.03  0.22 |   1562    8.89  0.514  10.97  0.21 | +0.036   2.1
red   skeletons            1235    9.08  0.489  10.22  0.00 |   1124    8.64  0.523  10.23  0.00 | +0.034   1.7
red   barbarian-barrel     1127    9.10  0.484  13.82  0.00 |   1110    8.72  0.540  13.74  0.00 | +0.055   2.6
red   the-log               680    8.79  0.519  14.37  0.01 |    480    9.32  0.469  14.28  0.00 | -0.050  -1.7
red   electro-spirit        675    8.79  0.510  10.94  0.00 |    539    8.98  0.505  11.13  0.01 | -0.005  -0.2
red   hog-rider             638    8.42  0.541  13.58  0.00 |    533    9.07  0.501  13.52  0.00 | -0.040  -1.4
red   elite-barbarians      555    9.30  0.483  12.29  0.02 |    427    8.86  0.513  11.64  0.01 | +0.030   0.9
red   fireball              515    8.76  0.524  21.98  0.99 |    552    9.08  0.487  22.17  0.99 | -0.037  -1.2
red   ice-spirit            503    8.63  0.499  10.04  0.00 |    537    9.05  0.473  10.61  0.00 | -0.026  -0.8
red   berserker             487    9.06  0.499  10.57  0.01 |    372    9.04  0.503  10.80  0.01 | +0.004   0.1
red   ice-golem             485    8.89  0.499  12.20  0.00 |    367    8.94  0.501  11.82  0.00 | +0.002   0.1
red   royal-ghost           485    8.51  0.515  10.35  0.00 |    484    8.32  0.537  10.64  0.00 | +0.022   0.7
red   zap                   465    8.86  0.508  21.32  0.98 |    378    9.23  0.458  21.49  0.97 | -0.050  -1.4
red   knight                452    8.84  0.546  10.56  0.00 |    418    8.58  0.565  10.77  0.01 | +0.018   0.5
red   musketeer             396    8.75  0.492   9.12  0.00 |    294    9.13  0.463   9.15  0.00 | -0.030  -0.8
red   battle-ram            382    9.11  0.490  11.03  0.00 |    404    9.27  0.495  10.77  0.00 | +0.006   0.2
red   baby-dragon           352    8.99  0.486   9.82  0.00 |    383    8.85  0.533   9.78  0.01 | +0.047   1.3
red   skeleton-barrel       345    8.39  0.530  13.80  0.00 |    238    9.28  0.496  14.00  0.00 | -0.035  -0.8
red   bowler                330    9.24  0.473   9.37  0.00 |    259    8.56  0.568  10.09  0.00 | +0.095   2.3
red   balloon               321    9.41  0.477  13.29  0.01 |    291    8.15  0.550  13.63  0.01 | +0.073   1.8
red   skeleton-army         314    8.76  0.503  12.29  0.06 |    232    8.74  0.496  11.66  0.02 | -0.007  -0.2
red   valkyrie              314    8.83  0.535  11.85  0.00 |    368    8.93  0.497  11.07  0.00 | -0.038  -1.0
red   arrows                300    8.97  0.490  21.54  0.97 |    225    8.54  0.533  21.72  0.98 | +0.043   1.0
red   mother-witch          299    8.87  0.555  10.92  0.00 |    329    8.63  0.544  11.35  0.00 | -0.011  -0.3
red   cannon                293    8.96  0.488  12.00  0.00 |    276    8.83  0.518  11.82  0.00 | +0.030   0.7
red   lightning             288    8.08  0.590  21.78  1.00 |    218    8.60  0.541  21.96  0.99 | -0.049  -1.1
red   royal-hogs            285    8.41  0.540  14.40  0.00 |    228   10.25  0.430  14.44  0.01 | -0.111  -2.5
red   mini-pekka            283    7.72  0.625  11.94  0.02 |    213    8.08  0.573  11.23  0.02 | -0.053  -1.2
red   giant-snowball        282    8.50  0.539  21.98  0.96 |    241    8.43  0.548  21.76  0.94 | +0.009   0.2
red   inferno-dragon        281    9.70  0.463  10.15  0.03 |    223    9.37  0.525   8.87  0.00 | +0.062   1.4
red   bomber                277    8.39  0.531  10.47  0.03 |    204    8.81  0.539  11.16  0.04 | +0.009   0.2
red   zappies               262    9.62  0.424   7.99  0.00 |    198    8.76  0.571   7.08  0.00 | +0.147   3.1
red   dart-goblin           259    8.47  0.602  10.48  0.00 |    263    8.85  0.544  10.04  0.00 | -0.059  -1.4
red   giant-skeleton        254    9.77  0.441   9.54  0.00 |    296    8.76  0.534   8.79  0.00 | +0.093   2.2
red   archers               253    8.67  0.561   8.77  0.00 |    190    9.06  0.474   8.56  0.01 | -0.088  -1.8
red   golden-knight         248   10.10  0.407  11.21  0.01 |    226    8.68  0.553  10.82  0.00 | +0.146   3.2
red   giant                 243    8.76  0.543  11.22  0.01 |    168    8.51  0.548  11.92  0.01 | +0.004   0.1
red   goblin-barrel         240    8.04  0.583  25.63  1.00 |    225    8.42  0.569  25.24  0.99 | -0.014  -0.3
red   princess              239    8.45  0.540  10.16  0.00 |    224    9.16  0.482   9.92  0.00 | -0.058  -1.2
red   miner                 238    9.00  0.479  23.18  0.93 |    197    8.86  0.518  22.75  0.92 | +0.039   0.8
red   minions               237    8.74  0.506  12.31  0.02 |    169    8.32  0.568  12.19  0.01 | +0.062   1.2
red   dark-prince           235    8.74  0.549   7.39  0.00 |    182    9.32  0.484   7.98  0.00 | -0.065  -1.3
red   goblinstein           234    8.65  0.560  11.98  0.01 |    193    8.12  0.591  12.60  0.01 | +0.031   0.6
red   heal-spirit           233    9.07  0.506  12.42  0.01 |     96    8.62  0.500  11.48  0.02 | -0.006  -0.1
red   tornado               226    9.17  0.491  20.81  0.95 |    207    8.18  0.575  20.95  0.97 | +0.084   1.7
red   cannon-cart           224    9.05  0.518  11.17  0.00 |    154    8.77  0.578  10.14  0.01 | +0.060   1.2
red   mortar                221    8.55  0.538  12.30  0.00 |    212    8.02  0.594  12.08  0.00 | +0.056   1.2
red   firecracker           219    9.34  0.416  11.19  0.00 |    134    8.32  0.537  10.52  0.01 | +0.122   2.2
red   goblin-gang           215    8.71  0.521  10.90  0.00 |    140    8.73  0.471  11.94  0.00 | -0.050  -0.9
red   graveyard             211    9.34  0.479  25.88  1.00 |    170    8.54  0.529  25.84  1.00 | +0.051   1.0
red   witch                 208    9.02  0.529   7.82  0.00 |     58    7.72  0.586   7.64  0.00 | +0.057   0.8
red   bats                  201    8.26  0.582  11.77  0.00 |    182    8.93  0.505  12.21  0.01 | -0.077  -1.5
red   golem                 191    9.27  0.466   7.22  0.04 |    133    8.47  0.541   6.31  0.02 | +0.075   1.3
red   night-witch           190    9.30  0.432   6.16  0.05 |     90    9.72  0.511   6.37  0.02 | +0.080   1.2
red   poison                188    9.12  0.500  22.24  0.98 |    224    9.93  0.411  22.56  0.99 | -0.089  -1.8
red   wizard                187    8.58  0.524  10.48  0.00 |    230    9.09  0.513  10.87  0.00 | -0.011  -0.2
red   rascals               185    9.03  0.524   9.65  0.00 |     93    7.64  0.602  10.62  0.02 | +0.078   1.2
red   mighty-miner          181    9.73  0.420   9.97  0.00 |    118    8.22  0.559  10.73  0.00 | +0.139   2.4
red   archer-queen          178    8.61  0.545  11.06  0.00 |    128    9.43  0.477  10.75  0.01 | -0.068  -1.2
red   furnace               177    9.03  0.435   6.98  0.00 |    152    9.33  0.461   7.46  0.01 | +0.025   0.5
red   freeze                168    8.87  0.512  22.55  1.00 |    165    8.71  0.576  22.48  0.99 | +0.064   1.2
red   wall-breakers         166    8.94  0.530  14.00  0.00 |    175    9.52  0.463  13.38  0.00 | -0.067  -1.2
red   tombstone             163    8.75  0.589   9.75  0.01 |    224    8.92  0.522   9.62  0.00 | -0.067  -1.3
red   vines                 162    8.13  0.586  21.80  0.99 |    187    8.97  0.497  21.85  0.99 | -0.089  -1.7
red   executioner           159    7.84  0.616  10.67  0.00 |     94    9.61  0.489   9.99  0.00 | -0.127  -2.0
red   skeleton-king         156    9.24  0.449  11.29  0.07 |     94    8.84  0.511   8.95  0.00 | +0.062   0.9
red   earthquake            156    8.95  0.500  21.71  0.99 |    134    8.66  0.545  21.90  0.99 | +0.045   0.8
red   tesla                 153    9.74  0.379  13.66  0.00 |     94    8.81  0.415  13.47  0.00 | +0.036   0.6
red   bandit                153    9.45  0.477  10.88  0.01 |    235    9.06  0.455  10.97  0.01 | -0.022  -0.4
red   suspicious-bush       148    7.74  0.588  12.80  0.00 |    102    9.06  0.490  14.11  0.00 | -0.098  -1.5
red   mega-knight           148    8.82  0.520   8.87  0.01 |    107    7.28  0.692   9.26  0.00 | +0.171   2.7
red   electro-wizard        148    8.99  0.493  10.69  0.01 |    169    9.16  0.491  10.30  0.01 | -0.002  -0.0
red   mega-minion           148    8.80  0.527   9.62  0.01 |    148    8.97  0.493   8.76  0.01 | -0.034  -0.6
red   fire-spirit           145    8.58  0.538  10.91  0.00 |    135    8.70  0.504  10.91  0.00 | -0.034  -0.6
red   lumberjack            141    9.97  0.426  10.91  0.02 |    154    9.59  0.435  11.55  0.00 | +0.010   0.2
red   rage                  140    9.47  0.457  20.66  0.96 |     92    9.23  0.478  20.54  0.99 | +0.021   0.3
red   pekka                 135    9.47  0.393   7.33  0.00 |    168    9.44  0.429   9.04  0.01 | +0.036   0.6
red   skeleton-dragons      133    8.21  0.602  12.11  0.01 |    172    8.65  0.564  11.86  0.03 | -0.038  -0.7
red   ice-wizard            117    8.12  0.538   8.71  0.00 |    139    7.77  0.640   9.25  0.01 | +0.102   1.7
red   minion-horde          116    8.89  0.560  13.87  0.01 |     99    9.80  0.404  13.47  0.02 | -0.156  -2.3
red   goblins               112    7.88  0.616  10.89  0.00 |     70    8.04  0.600  11.03  0.00 | -0.016  -0.2
red   sparky                112    9.27  0.491   6.48  0.00 |     98    9.19  0.449   6.81  0.00 | -0.042  -0.6
red   guards                111    8.94  0.505  10.57  0.00 |     87    9.06  0.471  10.54  0.02 | -0.033  -0.5
red   electro-giant         110    9.30  0.500  11.93  0.01 |     96    8.92  0.521  11.49  0.00 | +0.021   0.3
red   goblin-drill          109    5.54  0.771  23.70  0.98 |    120    9.88  0.433  24.07  0.99 | -0.337  -5.2
red   bomb-tower            107    9.44  0.495  11.35  0.00 |     61    9.71  0.426  11.60  0.00 | -0.069  -0.9
red   x-bow                 105   11.64  0.286  12.32  0.00 |     70    8.03  0.571  12.26  0.00 | +0.286   3.8
red   electro-dragon         97    9.92  0.392  10.90  0.02 |     77    8.59  0.558  11.62  0.00 | +0.167   2.2
red   rocket                 97    9.21  0.495  20.71  0.99 |     88    8.65  0.523  21.09  0.99 | +0.028   0.4
red   goblin-hut             90    9.24  0.511  10.11  0.00 |     99    9.18  0.394   9.96  0.00 | -0.117  -1.6
red   elixir-golem           89    8.27  0.551  11.54  0.11 |     50    9.00  0.480  10.54  0.00 | -0.071  -0.8
red   fisherman              89    9.22  0.483  10.83  0.01 |     98    8.10  0.551   9.34  0.00 | +0.068   0.9
red   elixir-collector       83    8.74  0.506   4.48  0.00 |     64    8.16  0.578   4.36  0.00 | +0.072   0.9
red   rune-giant             82    6.77  0.720  12.38  0.01 |    116    9.12  0.474  11.04  0.02 | -0.245  -3.4
red   prince                 71    9.06  0.563   6.65  0.00 |     73    9.25  0.562   6.82  0.00 | -0.002  -0.0
red   royal-giant            67    9.72  0.403  11.92  0.00 |     91    8.47  0.549  12.62  0.00 | +0.146   1.8
red   goblin-demolisher      64    8.33  0.547  10.64  0.00 |    152    8.34  0.559  10.87  0.01 | +0.012   0.2
red   goblin-cage            63    9.02  0.413  10.25  0.02 |     60    8.77  0.550   9.93  0.00 | +0.137   1.5
red   lava-hound             48    6.71  0.646   6.62  0.02 |     81    6.69  0.654   7.77  0.04 | +0.008   0.1
red   goblin-giant           48    8.10  0.562  11.04  0.02 |     33    9.41  0.485  10.89  0.00 | -0.078  -0.7
red   three-musketeers       45    8.59  0.556   9.70  0.07 |     39    8.78  0.718   8.17  0.00 | +0.162   1.5
red   ram-rider              44    9.84  0.409  11.68  0.00 |     52    8.50  0.519  12.46  0.00 | +0.110   1.1
red   barbarians             43    9.64  0.465  12.13  0.05 |     46    9.37  0.435  11.89  0.09 | -0.030  -0.3
red   phoenix                37    8.77  0.568   9.55  0.00 |     45    7.88  0.622  10.68  0.07 | +0.055   0.5
red   inferno-tower          32    9.16  0.531  12.38  0.00 |     37    9.45  0.378  11.82  0.00 | -0.153  -1.3
red   monk                   31    7.98  0.581  11.44  0.00 |     41    9.87  0.415  10.70  0.00 | -0.166  -1.4
cards compared 113, |z|>3 on left-fraction: 5
sum |dLeft| rotation 7.038 vs mirror 8.118
