hogeq: i=0 300 replays, i=1 274 replays (rotated)
side  card                   n0 mean_x0  left0     y0  top0 |     n1 mean_x1  left1     y1  top1 |  dLeft     z
blue  ice-spirit           2217    8.92  0.514  21.30  0.99 |   2178    8.90  0.514  21.41  0.99 | +0.000   0.0
blue  skeletons            2157    8.95  0.511  21.13  0.99 |   2090    8.88  0.517  21.02  1.00 | +0.006   0.4
blue  firecracker          2041    8.84  0.502  23.83  0.99 |   2005    8.90  0.499  24.03  1.00 | -0.003  -0.2
blue  mighty-miner         1836    9.00  0.498  21.27  0.98 |   1798    8.92  0.507  21.59  0.99 | +0.009   0.5
blue  hog-rider            1725    9.37  0.472  17.68  0.98 |   1556    9.15  0.488  17.74  0.99 | +0.016   0.9
blue  the-log              1623    8.92  0.508  20.41  0.99 |   1660    9.09  0.496  20.22  1.00 | -0.011  -0.6
blue  tesla                1410    8.75  0.279  20.51  1.00 |   1431    9.00  0.237  20.79  1.00 | -0.043  -2.6
blue  earthquake            993    9.31  0.473  11.21  0.12 |    918    9.09  0.488  11.23  0.13 | +0.015   0.6
red   barbarian-barrel      523    8.81  0.514  12.76  0.01 |    483    9.05  0.509  12.89  0.00 | -0.005  -0.2
red   skeletons             499    8.95  0.501  11.08  0.02 |    442    9.93  0.434  10.58  0.01 | -0.067  -2.0
red   ice-spirit            289    9.27  0.481  10.48  0.01 |    158    9.30  0.500  11.37  0.02 | +0.019   0.4
red   the-log               271    9.22  0.476  12.12  0.01 |    193    9.83  0.409  12.65  0.01 | -0.067  -1.4
red   tornado               233    9.21  0.451  12.78  0.33 |    202    8.79  0.540  12.36  0.34 | +0.089   1.9
red   fireball              225    9.28  0.449  22.51  0.92 |    213    8.86  0.502  22.18  0.91 | +0.053   1.1
red   zap                   219    8.70  0.516  19.15  0.74 |    176    8.70  0.523  19.57  0.78 | +0.007   0.1
red   electro-spirit        217    8.47  0.581  11.01  0.00 |    248    9.85  0.427  10.93  0.01 | -0.153  -3.3
red   royal-ghost           215    8.57  0.544   9.61  0.01 |    211    8.96  0.526   9.70  0.01 | -0.018  -0.4
red   knight                209   10.25  0.435  11.04  0.01 |    141    8.96  0.525  11.32  0.01 | +0.089   1.6
red   berserker             206    9.81  0.447  10.42  0.01 |    144    7.63  0.632  11.58  0.04 | +0.185   3.4
red   cannon                200    9.07  0.500  11.66  0.00 |    105    9.71  0.467  11.71  0.00 | -0.033  -0.6
red   elite-barbarians      198   10.20  0.414  11.16  0.03 |    210    8.21  0.548  10.72  0.01 | +0.133   2.7
red   arrows                196    9.31  0.485  22.21  0.94 |    261    8.51  0.556  21.57  0.91 | +0.071   1.5
red   hog-rider             190    9.00  0.516  13.99  0.01 |    177   10.26  0.429  13.35  0.01 | -0.086  -1.7
red   baby-dragon           182    8.95  0.484   9.23  0.01 |    127    6.34  0.685   8.38  0.00 | +0.202   3.5
red   battle-ram            165    9.64  0.473  11.32  0.01 |    148    8.34  0.561  12.09  0.01 | +0.088   1.6
red   dart-goblin           139    9.14  0.482   8.56  0.00 |     99    8.38  0.566   8.87  0.00 | +0.084   1.3
red   skeleton-barrel       139    8.55  0.525  13.89  0.01 |    103    6.99  0.621  13.37  0.00 | +0.096   1.5
red   valkyrie              129    8.19  0.581  10.83  0.02 |    134    9.39  0.448  10.36  0.01 | -0.134  -2.2
red   zappies               126    9.40  0.429   9.23  0.02 |    140    9.99  0.393   7.84  0.01 | -0.036  -0.6
red   balloon               125    9.45  0.472  13.32  0.02 |    113    8.08  0.566  13.53  0.03 | +0.094   1.5
red   skeleton-army         122    8.93  0.475  11.71  0.05 |     78    7.50  0.628  12.45  0.04 | +0.153   2.1
red   ice-golem             121    8.76  0.521  12.57  0.01 |     99    9.05  0.444  12.78  0.01 | -0.076  -1.1
red   vines                 119    8.36  0.521  22.08  0.91 |    114    9.88  0.395  21.80  0.89 | -0.126  -1.9
red   giant-snowball        118    8.42  0.542  15.35  0.45 |     90    8.01  0.578  16.29  0.51 | +0.035   0.5
red   miner                 116   10.15  0.397  24.09  0.95 |     91    9.52  0.462  23.14  0.88 | +0.065   0.9
red   inferno-dragon        116    8.74  0.517   7.90  0.02 |    126    9.54  0.437   8.27  0.03 | -0.081  -1.3
red   electro-wizard        114    9.32  0.474  12.03  0.02 |    122    8.82  0.541  11.55  0.02 | +0.067   1.0
red   furnace               114    8.42  0.553   5.61  0.00 |    113    9.72  0.478   4.70  0.00 | -0.075  -1.1
red   mini-pekka            110    9.41  0.455  11.40  0.05 |    106    9.39  0.491  11.36  0.01 | +0.036   0.5
red   goblin-barrel         108    8.70  0.537  25.77  0.99 |     74    9.93  0.419  25.46  0.99 | -0.118  -1.6
red   tombstone             108    8.95  0.556  10.33  0.01 |    101    8.94  0.525  11.35  0.01 | -0.031  -0.4
red   mortar                108    8.46  0.620  12.23  0.00 |    189    8.38  0.550  12.19  0.00 | -0.070  -1.2
red   princess              106    7.95  0.585   8.78  0.00 |     69    9.21  0.478   7.65  0.00 | -0.107  -1.4
red   mother-witch          105    8.92  0.514  10.53  0.01 |    123    8.83  0.602  10.12  0.01 | +0.087   1.3
red   goblinstein           104    7.84  0.644  10.36  0.00 |    151    8.40  0.556  10.79  0.00 | -0.088  -1.4
red   cannon-cart           101    8.64  0.604   8.76  0.02 |    150    8.73  0.560   8.15  0.00 | -0.044  -0.7
red   giant-skeleton        100    8.91  0.500   7.75  0.03 |     84    9.38  0.405   8.63  0.02 | -0.095  -1.3
red   bandit                100    8.76  0.530   9.46  0.01 |    126    8.18  0.595   8.45  0.00 | +0.065   1.0
red   tesla                  99    8.77  0.293  12.14  0.00 |     72    9.60  0.153  12.54  0.00 | -0.140  -2.1
red   poison                 98    7.54  0.612  23.37  0.97 |     74    8.27  0.568  22.70  0.99 | -0.045  -0.6
red   ice-wizard             98   10.00  0.459   8.95  0.00 |     90    8.56  0.578   9.23  0.00 | +0.119   1.6
red   bomber                 94    9.48  0.553   9.07  0.07 |     90    9.38  0.511   8.93  0.04 | -0.042  -0.6
red   bomb-tower             94    8.71  0.628  10.96  0.01 |     74    9.62  0.338  10.62  0.00 | -0.290  -3.7
red   bowler                 92   10.55  0.337   7.09  0.00 |    118    8.87  0.534   6.80  0.00 | +0.197   2.8
red   musketeer              91    8.99  0.560   6.87  0.01 |     94    9.09  0.447   6.38  0.01 | -0.114  -1.5
red   lightning              90    8.58  0.544  21.93  0.94 |     93    7.85  0.624  21.69  0.94 | +0.079   1.1
red   dark-prince            88    9.02  0.523   8.35  0.05 |     85    8.14  0.576   7.54  0.00 | +0.054   0.7
red   graveyard              88   11.03  0.364  25.85  1.00 |     81    9.46  0.469  25.90  1.00 | +0.105   1.4
red   firecracker            88    9.53  0.455   9.24  0.01 |     84   10.06  0.381   9.36  0.00 | -0.074  -1.0
red   golden-knight          85   10.19  0.365  11.61  0.07 |     96   10.46  0.323  11.51  0.01 | -0.042  -0.6
red   goblin-gang            82   10.37  0.354  10.80  0.01 |     98    8.59  0.541  10.56  0.00 | +0.187   2.5
red   lumberjack             82    9.66  0.488  11.62  0.05 |     40    6.73  0.725  11.60  0.00 | +0.237   2.5
red   minions                79    8.69  0.494  10.47  0.04 |     91    9.58  0.495  10.39  0.05 | +0.001   0.0
red   archers                78    8.74  0.615   6.09  0.00 |    102    9.00  0.578   7.48  0.00 | -0.037  -0.5
red   goblin-drill           76    4.61  0.842  22.64  0.91 |     51    7.37  0.569  21.78  0.82 | -0.273  -3.4
red   skeleton-dragons       72    9.44  0.458   9.46  0.04 |     48   10.21  0.396   9.31  0.00 | -0.062  -0.7
red   mega-minion            67    9.49  0.463  10.04  0.07 |     52    8.21  0.577   8.13  0.00 | +0.114   1.2
red   freeze                 65   10.68  0.369  20.96  0.80 |     70    8.29  0.571  21.46  0.87 | +0.202   2.4
red   mega-knight            64    8.69  0.500   9.23  0.02 |     56    8.70  0.518  10.16  0.02 | +0.018   0.2
red   wizard                 64    9.53  0.406   7.45  0.02 |    122    9.38  0.459   7.16  0.01 | +0.053   0.7
red   hunter                 64    9.98  0.406   8.69  0.00 |     59    8.42  0.559   8.48  0.00 | +0.153   1.7
red   golem                  64    9.94  0.344   5.19  0.11 |     40    9.43  0.475   3.45  0.03 | +0.131   1.3
red   wall-breakers          63    9.96  0.444  14.37  0.03 |     74    8.08  0.581  14.04  0.01 | +0.137   1.6
red   fisherman              62    9.27  0.500   9.16  0.00 |     92    8.65  0.554   9.63  0.03 | +0.054   0.7
red   fire-spirit            61    8.11  0.590  10.94  0.02 |     46    9.52  0.435   9.70  0.00 | -0.155  -1.6
red   pekka                  61    8.71  0.574   5.35  0.00 |     54    6.94  0.630   7.13  0.00 | +0.056   0.6
red   royal-hogs             61    9.30  0.492  14.58  0.02 |     94    7.31  0.660  14.56  0.01 | +0.168   2.1
red   earthquake             60    9.10  0.467  21.67  0.97 |     31   11.27  0.226  21.56  0.97 | -0.241  -2.2
red   goblin-hut             57    9.39  0.544  11.39  0.00 |     60    9.62  0.517  11.10  0.00 | -0.027  -0.3
red   witch                  54    7.83  0.704   6.50  0.02 |     58    9.59  0.362   5.47  0.02 | -0.342  -3.6
red   giant                  53    9.52  0.509  10.93  0.00 |     54    8.82  0.519  12.69  0.02 | +0.009   0.1
red   night-witch            51    8.99  0.431   4.56  0.02 |     65    7.35  0.569   5.52  0.02 | +0.138   1.5
red   archer-queen           49    9.36  0.571   7.95  0.02 |     35    8.30  0.686   8.64  0.06 | +0.114   1.1
red   executioner            46    8.54  0.478   7.91  0.00 |     51    8.66  0.451   6.83  0.00 | -0.027  -0.3
red   rage                   44    8.14  0.591  21.30  0.93 |     57    8.32  0.561  21.11  0.98 | -0.030  -0.3
red   mighty-miner           44   10.36  0.364  10.18  0.05 |     49    9.75  0.408   8.36  0.00 | +0.045   0.4
red   heal-spirit            44    9.32  0.500  13.75  0.07 |     55    8.30  0.527  12.14  0.00 | +0.027   0.3
red   phoenix                43   11.62  0.256   8.99  0.07 |     30    8.90  0.567   8.33  0.03 | +0.311   2.7
red   bats                   42   10.21  0.452  12.10  0.02 |     89    8.03  0.573  11.52  0.02 | +0.121   1.3
red   minion-horde           42    8.64  0.476  12.26  0.00 |     38    9.16  0.474  12.42  0.00 | -0.003  -0.0
red   electro-dragon         38   10.87  0.342   9.24  0.03 |     30    9.70  0.367   8.17  0.00 | +0.025   0.2
red   skeleton-king          37    8.50  0.541  11.15  0.03 |     37    8.66  0.622  10.58  0.03 | +0.081   0.7
red   goblin-cage            37   10.91  0.270  11.12  0.00 |     39    9.42  0.538  10.83  0.00 | +0.268   2.4
red   rascals                37    9.58  0.541   9.74  0.00 |     53    8.97  0.528   8.26  0.02 | -0.012  -0.1
red   magic-archer           36    8.19  0.556  12.03  0.03 |     35    9.44  0.371  10.70  0.00 | -0.184  -1.6
red   royal-giant            34   10.44  0.441   9.26  0.03 |     50    8.84  0.500   9.58  0.04 | +0.059   0.5
red   prince                 30    9.40  0.433   8.90  0.03 |     34    9.68  0.441   7.30  0.00 | +0.008   0.1
cards compared 97, |z|>3 on left-fraction: 6
sum |dLeft| rotation 8.742 vs mirror 9.990
