troop y (half-tile bins) 12..20: [(12.0, 28), (12.5, 39), (13.0, 27), (13.5, 47), (14.0, 36), (14.5, 79), (15.0, 72), (15.5, 33), (16.0, 28), (16.5, 43), (17.0, 63), (17.5, 90), (18.0, 38), (18.5, 34), (19.0, 32), (19.5, 54), (20.0, 47)]
y 14.0 [(3.5, 1), (4.0, 1), (4.5, 2), (13.5, 1), (14.0, 1), (14.5, 7), (15.0, 2), (17.0, 1)]
y 14.5 [(4.0, 8), (4.5, 3), (5.0, 1), (6.5, 4), (9.5, 7), (10.0, 1), (10.5, 3), (11.0, 2), (11.5, 2), (12.0, 1), (12.5, 1), (13.5, 23), (14.0, 5), (14.5, 7), (15.0, 4), (15.5, 2), (16.5, 5)]
y 15.0 [(2.5, 6), (3.5, 2), (4.0, 25), (4.5, 3), (8.5, 1), (9.5, 3), (10.0, 1), (11.0, 1), (12.0, 1), (12.5, 10), (13.0, 2), (13.5, 2), (14.0, 3), (14.5, 5), (15.0, 3), (15.5, 2), (16.5, 2)]
y 15.5 [(2.5, 1), (3.0, 1), (3.5, 3), (4.0, 4), (4.5, 1), (13.5, 4), (14.0, 7), (14.5, 8), (15.0, 3), (16.0, 1)]
y 16.0 [(3.0, 2), (3.5, 1), (4.0, 12), (14.0, 3), (14.5, 5), (15.0, 4), (16.0, 1)]
y 16.5 [(3.0, 2), (3.5, 2), (4.0, 5), (13.5, 1), (14.0, 10), (14.5, 15), (15.0, 6), (15.5, 2)]
y 17.0 [(2.0, 1), (2.5, 2), (3.5, 3), (4.0, 2), (4.5, 3), (8.5, 3), (12.5, 6), (13.0, 1), (13.5, 2), (14.0, 28), (14.5, 5), (15.0, 7)]
y 17.5 [(1.5, 2), (2.5, 9), (3.0, 3), (3.5, 11), (4.0, 1), (4.5, 3), (9.5, 2), (10.0, 5), (12.5, 1), (13.0, 1), (13.5, 2), (14.0, 1), (14.5, 15), (15.0, 1), (15.5, 31), (16.0, 2)]
y 18.0 [(3.5, 9), (4.5, 1), (5.5, 1), (8.5, 1), (12.0, 1), (12.5, 1), (13.5, 6), (14.5, 2), (15.5, 6)]
